52 0
51 1
51 2
51 3
52 4
52 5
51 6
51 7
52 8
52 9
51 10
52 11
52 12
52 13
51 14
52 15
52 16
52 17
52 18
51 19
52 20
52 21
51 22
52 23
52 24
52 25
52 26
51 27
53 28
52 29
52 30
52 31
54 32
53 33
53 34
54 35
55 36
53 37
53 38
54 39
53 40
54 41
54 42
53 43
53 44
53 45
53 46
54 47
54 48
52 49
54 50
54 51
53 52
54 53
53 54
53 55
53 56
54 57
53 58
53 59
54 60
54 61
54 62
53 63
54 64
53 65
54 66
53 67
54 68
54 69
54 70
54 71
54 72
55 73
54 74
54 75
53 76
54 77
54 78
53 79
54 80
54 81
54 82
55 83
54 84
54 85
54 86
54 87
54 88
54 89
54 90
55 91
54 92
54 93
54 94
55 95
53 96
55 97
54 98
54 99
55 100
54 101
55 102
55 103
54 104
54 105
55 106
54 107
54 108
55 109
55 110
54 111
54 112
55 113
55 114
54 115
54 116
55 117
55 118
55 119
54 120
55 121
55 122
56 123
54 124
54 125
55 126
55 127
55 128
55 129
55 130
54 131
55 132
55 133
55 134
54 135
54 136
56 137
55 138
55 139
55 140
55 141
55 142
55 143
55 144
55 145
55 146
55 147
55 148
55 149
55 150
55 151
54 152
55 153
55 154
55 155
55 156
54 157
55 158
55 159
55 160
55 161
56 162
55 163
55 164
55 165
55 166
55 167
56 168
55 169
55 170
55 171
55 172
56 173
55 174
56 175
55 176
55 177
55 178
56 179
55 180
55 181
55 182
55 183
56 184
55 185
57 186
56 187
56 188
57 189
56 190
56 191
56 192
55 193
56 194
55 195
55 196
55 197
55 198
55 199
57 200
56 201
55 202
56 203
55 204
57 205
56 206
55 207
55 208
56 209
56 210
55 211
56 212
56 213
56 214
57 215
56 216
55 217
56 218
55 219
56 220
56 221
55 222
56 223
56 224
56 225
56 226
56 227
56 228
55 229
56 230
56 231
55 232
56 233
57 234
57 235
56 236
56 237
56 238
55 239
56 240
56 241
57 242
56 243
56 244
57 245
57 246
57 247
57 248
57 249
57 250
56 251
57 252
56 253
56 254
56 255
57 256
56 257
57 258
57 259
56 260
57 261
57 262
57 263
58 264
57 265
56 266
57 267
57 268
57 269
56 270
57 271
56 272
57 273
57 274
56 275
57 276
57 277
58 278
57 279
57 280
57 281
57 282
57 283
56 284
57 285
56 286
57 287
57 288
57 289
58 290
56 291
57 292
56 293
57 294
57 295
57 296
57 297
56 298
57 299
56 300
58 301
57 302
56 303
57 304
56 305
58 306
57 307
57 308
57 309
57 310
58 311
57 312
57 313
58 314
56 315
58 316
58 317
57 318
56 319
58 320
57 321
57 322
57 323
57 324
58 325
56 326
56 327
57 328
58 329
58 330
58 331
58 332
57 333
58 334
57 335
58 336
57 337
58 338
58 339
57 340
57 341
58 342
57 343
58 344
57 345
57 346
57 347
57 348
58 349
57 350
58 351
57 352
57 353
58 354
57 355
57 356
58 357
57 358
57 359
58 360
58 361
58 362
58 363
57 364
57 365
58 366
58 367
57 368
58 369
58 370
58 371
58 372
59 373
58 374
58 375
57 376
57 377
57 378
58 379
58 380
59 381
57 382
57 383
58 384
57 385
58 386
58 387
59 388
57 389
57 390
57 391
57 392
58 393
59 394
57 395
58 396
58 397
57 398
58 399
58 400
57 401
58 402
58 403
60 404
58 405
59 406
57 407
58 408
58 409
59 410
58 411
59 412
58 413
58 414
57 415
57 416
59 417
58 418
58 419
58 420
58 421
58 422
58 423
58 424
58 425
59 426
58 427
58 428
58 429
58 430
58 431
58 432
58 433
59 434
57 435
59 436
58 437
58 438
58 439
58 440
58 441
58 442
58 443
58 444
58 445
58 446
59 447
59 448
58 449
58 450
58 451
58 452
58 453
58 454
59 455
58 456
58 457
59 458
58 459
58 460
59 461
59 462
59 463
58 464
58 465
58 466
59 467
58 468
58 469
59 470
58 471
58 472
59 473
59 474
59 475
58 476
59 477
58 478
59 479
59 480
59 481
59 482
58 483
58 484
58 485
58 486
59 487
59 488
58 489
58 490
57 491
59 492
59 493
59 494
58 495
58 496
58 497
58 498
59 499
59 500
59 501
58 502
58 503
59 504
59 505
60 506
59 507
58 508
60 509
59 510
59 511
58 512
59 513
59 514
59 515
58 516
59 517
59 518
59 519
58 520
58 521
59 522
59 523
59 524
60 525
59 526
59 527
59 528
59 529
59 530
59 531
60 532
59 533
59 534
59 535
60 536
59 537
60 538
59 539
60 540
59 541
59 542
60 543
59 544
59 545
58 546
60 547
58 548
59 549
60 550
59 551
60 552
59 553
58 554
59 555
59 556
59 557
59 558
59 559
59 560
59 561
58 562
60 563
59 564
59 565
59 566
60 567
59 568
59 569
59 570
59 571
59 572
59 573
58 574
59 575
59 576
59 577
58 578
59 579
59 580
59 581
60 582
60 583
60 584
59 585
58 586
59 587
60 588
59 589
59 590
60 591
58 592
59 593
59 594
59 595
59 596
59 597
59 598
59 599
60 600
59 601
59 602
60 603
59 604
59 605
60 606
59 607
59 608
59 609
59 610
59 611
59 612
59 613
60 614
60 615
59 616
60 617
58 618
59 619
60 620
59 621
60 622
59 623
59 624
61 625
59 626
60 627
59 628
59 629
59 630
60 631
59 632
59 633
60 634
60 635
59 636
60 637
59 638
60 639
60 640
60 641
60 642
60 643
59 644
60 645
59 646
60 647
60 648
59 649
59 650
59 651
60 652
59 653
59 654
59 655
60 656
60 657
61 658
59 659
59 660
60 661
58 662
59 663
59 664
60 665
60 666
60 667
59 668
60 669
59 670
60 671
59 672
60 673
60 674
60 675
59 676
59 677
59 678
59 679
59 680
59 681
60 682
60 683
59 684
59 685
60 686
58 687
60 688
59 689
59 690
60 691
59 692
60 693
60 694
60 695
59 696
59 697
59 698
59 699
60 700
60 701
60 702
59 703
60 704
60 705
60 706
60 707
60 708
60 709
60 710
60 711
59 712
60 713
62 714
59 715
60 716
60 717
60 718
60 719
60 720
60 721
60 722
60 723
59 724
60 725
60 726
60 727
61 728
60 729
60 730
60 731
61 732
59 733
60 734
60 735
60 736
60 737
60 738
60 739
59 740
60 741
60 742
59 743
60 744
60 745
60 746
59 747
60 748
59 749
61 750
60 751
61 752
61 753
60 754
60 755
61 756
60 757
60 758
60 759
61 760
60 761
60 762
61 763
60 764
61 765
59 766
59 767
60 768
60 769
60 770
61 771
60 772
59 773
61 774
61 775
60 776
61 777
61 778
60 779
60 780
59 781
60 782
61 783
61 784
59 785
60 786
61 787
60 788
60 789
60 790
60 791
60 792
60 793
60 794
61 795
59 796
61 797
61 798
60 799
60 800
60 801
60 802
59 803
60 804
59 805
60 806
60 807
61 808
60 809
59 810
60 811
60 812
60 813
61 814
60 815
60 816
60 817
61 818
61 819
60 820
60 821
60 822
61 823
60 824
60 825
61 826
60 827
60 828
60 829
59 830
61 831
60 832
61 833
60 834
60 835
61 836
60 837
60 838
61 839
60 840
60 841
60 842
61 843
60 844
60 845
60 846
61 847
59 848
60 849
60 850
61 851
60 852
61 853
61 854
60 855
61 856
61 857
60 858
60 859
60 860
60 861
60 862
60 863
61 864
61 865
60 866
60 867
60 868
60 869
61 870
61 871
60 872
61 873
61 874
61 875
61 876
61 877
61 878
61 879
60 880
61 881
61 882
61 883
60 884
61 885
62 886
62 887
60 888
60 889
61 890
60 891
61 892
60 893
61 894
61 895
61 896
62 897
61 898
61 899
61 900
60 901
60 902
61 903
61 904
60 905
60 906
60 907
60 908
60 909
60 910
61 911
61 912
61 913
61 914
61 915
61 916
61 917
61 918
61 919
61 920
61 921
60 922
61 923
61 924
61 925
60 926
60 927
61 928
60 929
60 930
60 931
61 932
60 933
61 934
61 935
61 936
60 937
60 938
61 939
61 940
61 941
60 942
61 943
61 944
62 945
61 946
61 947
61 948
60 949
60 950
61 951
61 952
61 953
60 954
60 955
61 956
61 957
61 958
60 959
60 960
61 961
61 962
62 963
60 964
61 965
61 966
61 967
60 968
61 969
61 970
61 971
61 972
61 973
61 974
61 975
61 976
60 977
60 978
61 979
62 980
60 981
61 982
61 983
60 984
61 985
61 986
61 987
61 988
61 989
60 990
60 991
61 992
61 993
61 994
60 995
61 996
60 997
61 998
61 999
60 1000
61 1001
61 1002
61 1003
60 1004
61 1005
61 1006
61 1007
61 1008
61 1009
60 1010
61 1011
60 1012
60 1013
61 1014
61 1015
61 1016
61 1017
61 1018
62 1019
61 1020
61 1021
61 1022
61 1023
60 1024
61 1025
61 1026
61 1027
61 1028
61 1029
62 1030
60 1031
61 1032
61 1033
61 1034
61 1035
61 1036
60 1037
61 1038
61 1039
61 1040
60 1041
61 1042
62 1043
60 1044
61 1045
60 1046
61 1047
60 1048
61 1049
61 1050
61 1051
62 1052
61 1053
61 1054
61 1055
60 1056
60 1057
61 1058
60 1059
61 1060
60 1061
61 1062
61 1063
61 1064
60 1065
62 1066
61 1067
60 1068
60 1069
61 1070
62 1071
61 1072
61 1073
61 1074
61 1075
61 1076
60 1077
61 1078
62 1079
61 1080
61 1081
61 1082
61 1083
61 1084
62 1085
60 1086
61 1087
61 1088
61 1089
61 1090
61 1091
62 1092
61 1093
61 1094
61 1095
61 1096
61 1097
61 1098
61 1099
60 1100
61 1101
59 1102
61 1103
61 1104
61 1105
61 1106
62 1107
60 1108
61 1109
61 1110
61 1111
61 1112
60 1113
60 1114
60 1115
61 1116
61 1117
61 1118
62 1119
61 1120
61 1121
61 1122
61 1123
61 1124
62 1125
61 1126
61 1127
61 1128
61 1129
61 1130
61 1131
62 1132
61 1133
61 1134
61 1135
60 1136
61 1137
61 1138
62 1139
61 1140
62 1141
61 1142
61 1143
62 1144
61 1145
61 1146
60 1147
62 1148
61 1149
61 1150
61 1151
60 1152
62 1153
61 1154
61 1155
61 1156
61 1157
61 1158
61 1159
62 1160
61 1161
61 1162
61 1163
61 1164
61 1165
61 1166
60 1167
61 1168
61 1169
61 1170
61 1171
61 1172
60 1173
62 1174
61 1175
61 1176
60 1177
61 1178
61 1179
61 1180
61 1181
61 1182
61 1183
61 1184
62 1185
61 1186
62 1187
61 1188
62 1189
61 1190
60 1191
61 1192
62 1193
61 1194
61 1195
61 1196
62 1197
61 1198
61 1199
61 1200
62 1201
61 1202
62 1203
61 1204
61 1205
62 1206
62 1207
61 1208
62 1209
61 1210
61 1211
61 1212
61 1213
60 1214
61 1215
61 1216
61 1217
61 1218
60 1219
62 1220
61 1221
61 1222
61 1223
61 1224
61 1225
62 1226
61 1227
61 1228
61 1229
61 1230
61 1231
62 1232
61 1233
60 1234
61 1235
61 1236
61 1237
61 1238
62 1239
61 1240
61 1241
62 1242
62 1243
62 1244
62 1245
62 1246
61 1247
60 1248
61 1249
62 1250
61 1251
61 1252
61 1253
61 1254
61 1255
60 1256
61 1257
61 1258
61 1259
62 1260
60 1261
61 1262
61 1263
61 1264
61 1265
61 1266
62 1267
61 1268
60 1269
61 1270
61 1271
61 1272
61 1273
62 1274
61 1275
62 1276
62 1277
61 1278
62 1279
61 1280
62 1281
61 1282
61 1283
62 1284
62 1285
60 1286
62 1287
62 1288
62 1289
62 1290
61 1291
61 1292
61 1293
60 1294
61 1295
61 1296
60 1297
61 1298
61 1299
62 1300
62 1301
62 1302
61 1303
61 1304
61 1305
61 1306
60 1307
61 1308
61 1309
61 1310
61 1311
61 1312
61 1313
62 1314
62 1315
61 1316
61 1317
62 1318
60 1319
61 1320
61 1321
62 1322
62 1323
61 1324
61 1325
61 1326
61 1327
62 1328
61 1329
60 1330
61 1331
62 1332
61 1333
60 1334
61 1335
61 1336
62 1337
62 1338
61 1339
61 1340
61 1341
62 1342
61 1343
61 1344
61 1345
62 1346
61 1347
62 1348
61 1349
61 1350
61 1351
62 1352
62 1353
61 1354
62 1355
61 1356
61 1357
61 1358
61 1359
61 1360
61 1361
62 1362
61 1363
61 1364
60 1365
61 1366
61 1367
61 1368
61 1369
61 1370
61 1371
61 1372
61 1373
62 1374
61 1375
62 1376
62 1377
61 1378
61 1379
62 1380
61 1381
62 1382
61 1383
61 1384
62 1385
62 1386
61 1387
61 1388
61 1389
62 1390
61 1391
62 1392
61 1393
62 1394
61 1395
62 1396
62 1397
61 1398
61 1399
62 1400
61 1401
61 1402
61 1403
61 1404
61 1405
61 1406
61 1407
62 1408
61 1409
62 1410
62 1411
61 1412
62 1413
62 1414
61 1415
61 1416
61 1417
61 1418
63 1419
61 1420
60 1421
62 1422
62 1423
61 1424
62 1425
61 1426
61 1427
61 1428
62 1429
61 1430
62 1431
62 1432
62 1433
61 1434
61 1435
61 1436
61 1437
61 1438
60 1439
61 1440
61 1441
61 1442
61 1443
61 1444
61 1445
61 1446
61 1447
62 1448
62 1449
61 1450
61 1451
61 1452
61 1453
61 1454
62 1455
61 1456
62 1457
62 1458
61 1459
61 1460
60 1461
61 1462
62 1463
61 1464
62 1465
61 1466
61 1467
61 1468
61 1469
62 1470
61 1471
61 1472
61 1473
61 1474
61 1475
61 1476
62 1477
61 1478
61 1479
61 1480
62 1481
62 1482
61 1483
61 1484
61 1485
61 1486
62 1487
61 1488
61 1489
62 1490
62 1491
61 1492
62 1493
61 1494
62 1495
62 1496
61 1497
62 1498
62 1499
62 1500
62 1501
61 1502
62 1503
62 1504
61 1505
62 1506
62 1507
61 1508
63 1509
62 1510
62 1511
63 1512
60 1513
61 1514
61 1515
62 1516
62 1517
62 1518
61 1519
61 1520
63 1521
60 1522
61 1523
61 1524
61 1525
61 1526
62 1527
61 1528
61 1529
62 1530
62 1531
62 1532
62 1533
61 1534
60 1535
61 1536
61 1537
61 1538
63 1539
61 1540
61 1541
62 1542
61 1543
62 1544
62 1545
61 1546
61 1547
62 1548
61 1549
61 1550
62 1551
61 1552
61 1553
61 1554
61 1555
62 1556
62 1557
61 1558
62 1559
62 1560
62 1561
61 1562
61 1563
61 1564
61 1565
61 1566
61 1567
62 1568
61 1569
62 1570
62 1571
62 1572
62 1573
62 1574
61 1575
62 1576
62 1577
62 1578
61 1579
62 1580
62 1581
62 1582
61 1583
62 1584
61 1585
62 1586
62 1587
61 1588
61 1589
62 1590
62 1591
61 1592
61 1593
62 1594
61 1595
62 1596
61 1597
61 1598
62 1599
62 1600
61 1601
61 1602
62 1603
62 1604
61 1605
62 1606
61 1607
62 1608
62 1609
61 1610
61 1611
62 1612
61 1613
62 1614
61 1615
62 1616
61 1617
62 1618
61 1619
61 1620
62 1621
61 1622
61 1623
61 1624
61 1625
62 1626
62 1627
61 1628
62 1629
61 1630
62 1631
61 1632
62 1633
62 1634
62 1635
61 1636
61 1637
61 1638
62 1639
62 1640
61 1641
62 1642
61 1643
61 1644
61 1645
61 1646
60 1647
62 1648
61 1649
62 1650
62 1651
62 1652
61 1653
61 1654
62 1655
62 1656
62 1657
62 1658
62 1659
61 1660
62 1661
61 1662
62 1663
61 1664
62 1665
62 1666
62 1667
62 1668
62 1669
62 1670
61 1671
62 1672
61 1673
62 1674
61 1675
61 1676
61 1677
62 1678
62 1679
61 1680
62 1681
61 1682
61 1683
61 1684
61 1685
62 1686
62 1687
61 1688
61 1689
62 1690
61 1691
62 1692
62 1693
61 1694
62 1695
61 1696
61 1697
62 1698
62 1699
62 1700
61 1701
62 1702
61 1703
62 1704
62 1705
61 1706
61 1707
61 1708
62 1709
62 1710
61 1711
62 1712
62 1713
62 1714
62 1715
61 1716
61 1717
61 1718
62 1719
61 1720
62 1721
62 1722
62 1723
61 1724
62 1725
62 1726
61 1727
61 1728
62 1729
61 1730
62 1731
63 1732
62 1733
62 1734
62 1735
62 1736
62 1737
61 1738
62 1739
61 1740
61 1741
62 1742
62 1743
62 1744
61 1745
62 1746
62 1747
60 1748
62 1749
61 1750
62 1751
62 1752
62 1753
62 1754
62 1755
62 1756
62 1757
62 1758
62 1759
62 1760
62 1761
62 1762
62 1763
61 1764
62 1765
61 1766
62 1767
61 1768
62 1769
62 1770
62 1771
63 1772
62 1773
62 1774
62 1775
62 1776
62 1777
61 1778
62 1779
61 1780
61 1781
61 1782
62 1783
61 1784
61 1785
63 1786
62 1787
61 1788
62 1789
62 1790
62 1791
62 1792
61 1793
62 1794
61 1795
62 1796
61 1797
62 1798
61 1799
61 1800
62 1801
61 1802
62 1803
62 1804
61 1805
62 1806
62 1807
62 1808
61 1809
61 1810
62 1811
62 1812
61 1813
61 1814
61 1815
61 1816
61 1817
62 1818
61 1819
62 1820
60 1821
62 1822
62 1823
62 1824
62 1825
61 1826
62 1827
61 1828
62 1829
62 1830
62 1831
62 1832
62 1833
62 1834
62 1835
62 1836
62 1837
62 1838
61 1839
63 1840
61 1841
61 1842
62 1843
62 1844
62 1845
62 1846
62 1847
62 1848
63 1849
61 1850
62 1851
62 1852
63 1853
61 1854
61 1855
61 1856
62 1857
63 1858
63 1859
62 1860
