48 0
49 1
48 2
49 3
48 4
49 5
49 6
50 7
49 8
50 9
50 10
50 11
50 12
50 13
50 14
49 15
50 16
51 17
51 18
50 19
51 20
51 21
51 22
51 23
50 24
51 25
52 26
52 27
51 28
52 29
52 30
52 31
52 32
52 33
52 34
52 35
52 36
52 37
52 38
52 39
53 40
53 41
53 42
54 43
53 44
53 45
54 46
53 47
52 48
54 49
53 50
53 51
53 52
55 53
54 54
55 55
55 56
55 57
54 58
55 59
54 60
54 61
55 62
55 63
55 64
55 65
55 66
55 67
55 68
56 69
56 70
55 71
55 72
57 73
57 74
56 75
56 76
56 77
55 78
55 79
55 80
56 81
56 82
55 83
57 84
57 85
57 86
57 87
57 88
57 89
58 90
57 91
58 92
57 93
57 94
58 95
59 96
57 97
57 98
58 99
57 100
59 101
57 102
59 103
58 104
58 105
58 106
59 107
58 108
57 109
58 110
59 111
59 112
59 113
59 114
58 115
58 116
59 117
59 118
59 119
60 120
59 121
59 122
59 123
59 124
60 125
60 126
59 127
59 128
59 129
60 130
59 131
60 132
60 133
60 134
60 135
60 136
60 137
61 138
61 139
61 140
61 141
61 142
60 143
61 144
61 145
61 146
62 147
62 148
61 149
61 150
62 151
62 152
62 153
62 154
62 155
62 156
62 157
62 158
62 159
61 160
61 161
62 162
61 163
62 164
61 165
63 166
61 167
62 168
62 169
63 170
62 171
62 172
62 173
63 174
62 175
63 176
62 177
62 178
64 179
63 180
63 181
62 182
62 183
64 184
64 185
64 186
63 187
63 188
62 189
64 190
64 191
63 192
63 193
63 194
63 195
63 196
64 197
63 198
64 199
63 200
63 201
64 202
64 203
63 204
63 205
65 206
63 207
64 208
64 209
64 210
64 211
64 212
65 213
64 214
64 215
65 216
65 217
65 218
65 219
64 220
65 221
64 222
66 223
65 224
66 225
66 226
66 227
64 228
66 229
66 230
65 231
65 232
66 233
65 234
65 235
66 236
65 237
65 238
66 239
66 240
65 241
65 242
66 243
65 244
65 245
65 246
66 247
65 248
66 249
66 250
66 251
65 252
65 253
66 254
66 255
66 256
66 257
66 258
65 259
66 260
67 261
66 262
66 263
66 264
67 265
67 266
67 267
67 268
66 269
66 270
67 271
67 272
66 273
66 274
67 275
66 276
67 277
66 278
67 279
67 280
68 281
68 282
68 283
67 284
68 285
67 286
67 287
68 288
68 289
67 290
68 291
67 292
68 293
69 294
69 295
68 296
67 297
67 298
67 299
68 300
68 301
67 302
68 303
68 304
70 305
68 306
69 307
69 308
68 309
68 310
69 311
68 312
69 313
69 314
69 315
69 316
70 317
69 318
69 319
69 320
69 321
69 322
69 323
68 324
69 325
69 326
69 327
70 328
68 329
67 330
69 331
70 332
68 333
69 334
70 335
69 336
69 337
69 338
68 339
70 340
70 341
69 342
70 343
69 344
70 345
70 346
69 347
69 348
69 349
69 350
69 351
70 352
70 353
69 354
69 355
69 356
70 357
69 358
71 359
70 360
69 361
71 362
71 363
71 364
70 365
71 366
70 367
70 368
70 369
70 370
70 371
70 372
71 373
70 374
71 375
71 376
70 377
70 378
70 379
71 380
71 381
71 382
70 383
71 384
71 385
70 386
71 387
70 388
70 389
70 390
71 391
70 392
71 393
71 394
71 395
70 396
71 397
72 398
70 399
71 400
71 401
71 402
71 403
71 404
70 405
71 406
71 407
71 408
71 409
71 410
72 411
71 412
70 413
70 414
71 415
71 416
72 417
70 418
71 419
71 420
71 421
72 422
71 423
71 424
71 425
72 426
71 427
71 428
71 429
71 430
71 431
72 432
71 433
71 434
71 435
70 436
71 437
71 438
72 439
71 440
72 441
72 442
72 443
72 444
72 445
72 446
72 447
71 448
72 449
72 450
71 451
72 452
73 453
72 454
72 455
72 456
72 457
72 458
72 459
72 460
72 461
72 462
73 463
73 464
72 465
72 466
73 467
71 468
73 469
73 470
72 471
73 472
73 473
73 474
73 475
73 476
73 477
72 478
72 479
72 480
73 481
73 482
73 483
73 484
73 485
73 486
72 487
73 488
72 489
73 490
72 491
73 492
73 493
72 494
73 495
72 496
72 497
72 498
73 499
73 500
73 501
74 502
73 503
74 504
73 505
74 506
72 507
73 508
74 509
74 510
73 511
73 512
74 513
73 514
73 515
74 516
73 517
73 518
73 519
72 520
74 521
73 522
73 523
74 524
73 525
74 526
74 527
74 528
74 529
74 530
74 531
73 532
74 533
73 534
73 535
74 536
74 537
74 538
74 539
73 540
73 541
73 542
74 543
73 544
74 545
74 546
74 547
74 548
74 549
74 550
73 551
74 552
74 553
73 554
74 555
74 556
74 557
74 558
74 559
74 560
73 561
75 562
74 563
74 564
74 565
74 566
74 567
74 568
74 569
74 570
74 571
74 572
74 573
74 574
74 575
74 576
74 577
73 578
74 579
74 580
73 581
74 582
75 583
74 584
74 585
74 586
74 587
74 588
74 589
74 590
74 591
75 592
74 593
74 594
75 595
75 596
75 597
74 598
74 599
75 600
75 601
75 602
74 603
75 604
74 605
74 606
75 607
74 608
76 609
74 610
74 611
74 612
74 613
74 614
74 615
75 616
75 617
74 618
74 619
74 620
75 621
74 622
74 623
75 624
75 625
75 626
75 627
75 628
75 629
75 630
74 631
74 632
76 633
75 634
74 635
75 636
75 637
75 638
74 639
74 640
76 641
76 642
75 643
76 644
74 645
75 646
74 647
76 648
74 649
76 650
75 651
76 652
75 653
75 654
75 655
75 656
74 657
74 658
75 659
74 660
75 661
74 662
75 663
74 664
74 665
75 666
75 667
75 668
75 669
75 670
75 671
75 672
74 673
76 674
75 675
76 676
75 677
75 678
75 679
75 680
75 681
75 682
75 683
75 684
76 685
76 686
75 687
76 688
76 689
76 690
76 691
76 692
76 693
75 694
76 695
76 696
75 697
76 698
75 699
77 700
75 701
76 702
76 703
75 704
76 705
76 706
75 707
76 708
75 709
75 710
76 711
76 712
75 713
75 714
76 715
75 716
76 717
76 718
75 719
76 720
76 721
76 722
76 723
76 724
76 725
76 726
77 727
76 728
75 729
78 730
76 731
76 732
76 733
76 734
76 735
75 736
77 737
76 738
77 739
77 740
77 741
76 742
77 743
77 744
77 745
76 746
76 747
75 748
77 749
76 750
76 751
77 752
76 753
76 754
76 755
77 756
76 757
76 758
75 759
76 760
77 761
76 762
76 763
77 764
76 765
76 766
77 767
77 768
76 769
77 770
76 771
77 772
76 773
75 774
77 775
77 776
77 777
76 778
77 779
76 780
76 781
76 782
76 783
77 784
77 785
76 786
76 787
77 788
76 789
77 790
76 791
78 792
77 793
77 794
76 795
76 796
77 797
77 798
76 799
76 800
77 801
76 802
77 803
77 804
78 805
77 806
77 807
78 808
76 809
78 810
77 811
77 812
77 813
77 814
77 815
77 816
77 817
77 818
77 819
77 820
78 821
77 822
77 823
76 824
77 825
77 826
77 827
76 828
76 829
77 830
78 831
77 832
76 833
77 834
78 835
77 836
78 837
77 838
77 839
78 840
77 841
76 842
78 843
77 844
76 845
78 846
77 847
78 848
78 849
77 850
78 851
77 852
77 853
76 854
77 855
77 856
78 857
78 858
77 859
77 860
77 861
78 862
77 863
77 864
78 865
77 866
78 867
77 868
77 869
78 870
78 871
78 872
79 873
78 874
78 875
78 876
77 877
77 878
79 879
78 880
77 881
77 882
78 883
78 884
79 885
79 886
78 887
79 888
78 889
78 890
78 891
78 892
79 893
77 894
78 895
77 896
78 897
79 898
77 899
78 900
78 901
77 902
77 903
78 904
78 905
78 906
78 907
78 908
78 909
78 910
77 911
78 912
78 913
77 914
79 915
79 916
77 917
77 918
78 919
78 920
78 921
78 922
78 923
78 924
78 925
77 926
79 927
80 928
79 929
77 930
79 931
78 932
78 933
78 934
78 935
77 936
79 937
79 938
78 939
79 940
77 941
78 942
79 943
78 944
78 945
78 946
77 947
77 948
79 949
78 950
78 951
79 952
77 953
78 954
79 955
79 956
79 957
78 958
78 959
78 960
79 961
78 962
79 963
79 964
78 965
78 966
78 967
79 968
78 969
78 970
79 971
78 972
79 973
79 974
78 975
78 976
79 977
78 978
80 979
80 980
79 981
78 982
78 983
78 984
79 985
79 986
79 987
78 988
79 989
79 990
77 991
80 992
78 993
79 994
79 995
80 996
79 997
79 998
78 999
79 1000
78 1001
78 1002
78 1003
79 1004
79 1005
80 1006
80 1007
79 1008
79 1009
79 1010
79 1011
80 1012
79 1013
80 1014
79 1015
79 1016
79 1017
79 1018
80 1019
79 1020
79 1021
80 1022
79 1023
78 1024
78 1025
79 1026
78 1027
79 1028
80 1029
79 1030
80 1031
79 1032
79 1033
79 1034
79 1035
79 1036
80 1037
79 1038
79 1039
79 1040
79 1041
79 1042
79 1043
79 1044
79 1045
79 1046
79 1047
79 1048
80 1049
80 1050
79 1051
80 1052
79 1053
79 1054
79 1055
81 1056
79 1057
79 1058
79 1059
80 1060
79 1061
80 1062
80 1063
79 1064
80 1065
79 1066
80 1067
79 1068
80 1069
80 1070
80 1071
80 1072
79 1073
79 1074
79 1075
79 1076
79 1077
80 1078
79 1079
80 1080
79 1081
79 1082
81 1083
80 1084
80 1085
80 1086
79 1087
80 1088
80 1089
79 1090
78 1091
80 1092
79 1093
80 1094
80 1095
79 1096
79 1097
80 1098
80 1099
80 1100
81 1101
80 1102
80 1103
79 1104
79 1105
80 1106
79 1107
81 1108
79 1109
81 1110
79 1111
79 1112
79 1113
79 1114
79 1115
80 1116
79 1117
80 1118
80 1119
80 1120
80 1121
80 1122
81 1123
80 1124
80 1125
79 1126
80 1127
80 1128
79 1129
79 1130
81 1131
80 1132
80 1133
80 1134
79 1135
80 1136
80 1137
80 1138
80 1139
79 1140
80 1141
80 1142
81 1143
80 1144
80 1145
80 1146
80 1147
80 1148
81 1149
81 1150
80 1151
80 1152
81 1153
80 1154
81 1155
80 1156
80 1157
80 1158
80 1159
80 1160
80 1161
80 1162
79 1163
79 1164
81 1165
80 1166
80 1167
79 1168
80 1169
80 1170
80 1171
81 1172
80 1173
81 1174
80 1175
80 1176
79 1177
80 1178
80 1179
80 1180
80 1181
80 1182
81 1183
79 1184
81 1185
80 1186
80 1187
81 1188
80 1189
80 1190
80 1191
81 1192
80 1193
81 1194
81 1195
81 1196
80 1197
80 1198
80 1199
81 1200
81 1201
81 1202
81 1203
80 1204
80 1205
81 1206
81 1207
81 1208
81 1209
81 1210
80 1211
80 1212
80 1213
81 1214
80 1215
79 1216
80 1217
80 1218
81 1219
80 1220
80 1221
80 1222
82 1223
82 1224
81 1225
81 1226
82 1227
81 1228
81 1229
82 1230
82 1231
80 1232
81 1233
81 1234
80 1235
81 1236
81 1237
80 1238
80 1239
81 1240
81 1241
80 1242
81 1243
81 1244
81 1245
81 1246
81 1247
81 1248
81 1249
81 1250
80 1251
81 1252
81 1253
80 1254
81 1255
82 1256
80 1257
81 1258
81 1259
80 1260
81 1261
81 1262
81 1263
80 1264
80 1265
81 1266
80 1267
81 1268
80 1269
82 1270
81 1271
81 1272
80 1273
80 1274
81 1275
80 1276
81 1277
81 1278
81 1279
81 1280
80 1281
81 1282
81 1283
81 1284
80 1285
80 1286
80 1287
81 1288
81 1289
81 1290
82 1291
81 1292
81 1293
81 1294
81 1295
80 1296
81 1297
81 1298
80 1299
81 1300
81 1301
81 1302
82 1303
81 1304
81 1305
81 1306
81 1307
82 1308
80 1309
81 1310
80 1311
81 1312
82 1313
80 1314
80 1315
81 1316
80 1317
80 1318
80 1319
81 1320
81 1321
81 1322
80 1323
80 1324
81 1325
81 1326
81 1327
80 1328
81 1329
82 1330
79 1331
81 1332
81 1333
80 1334
81 1335
81 1336
82 1337
81 1338
81 1339
80 1340
81 1341
81 1342
81 1343
81 1344
81 1345
82 1346
81 1347
81 1348
81 1349
80 1350
80 1351
81 1352
81 1353
81 1354
81 1355
81 1356
81 1357
80 1358
81 1359
81 1360
81 1361
81 1362
82 1363
81 1364
81 1365
81 1366
81 1367
81 1368
82 1369
81 1370
80 1371
81 1372
82 1373
81 1374
81 1375
81 1376
80 1377
81 1378
81 1379
81 1380
81 1381
81 1382
81 1383
81 1384
82 1385
82 1386
82 1387
81 1388
81 1389
82 1390
81 1391
82 1392
81 1393
81 1394
81 1395
81 1396
82 1397
82 1398
81 1399
81 1400
80 1401
82 1402
81 1403
81 1404
81 1405
80 1406
80 1407
81 1408
80 1409
81 1410
81 1411
80 1412
80 1413
81 1414
80 1415
81 1416
81 1417
81 1418
81 1419
82 1420
81 1421
81 1422
81 1423
82 1424
81 1425
81 1426
81 1427
80 1428
80 1429
81 1430
81 1431
80 1432
81 1433
81 1434
81 1435
82 1436
81 1437
81 1438
80 1439
81 1440
81 1441
81 1442
80 1443
81 1444
81 1445
82 1446
80 1447
81 1448
81 1449
82 1450
81 1451
81 1452
81 1453
81 1454
81 1455
80 1456
81 1457
82 1458
80 1459
82 1460
80 1461
81 1462
82 1463
81 1464
80 1465
82 1466
81 1467
81 1468
81 1469
80 1470
81 1471
81 1472
81 1473
81 1474
81 1475
82 1476
81 1477
81 1478
81 1479
80 1480
81 1481
81 1482
81 1483
81 1484
82 1485
81 1486
81 1487
81 1488
82 1489
82 1490
81 1491
81 1492
82 1493
82 1494
81 1495
82 1496
81 1497
81 1498
81 1499
80 1500
82 1501
81 1502
81 1503
82 1504
81 1505
81 1506
82 1507
81 1508
82 1509
80 1510
82 1511
81 1512
81 1513
82 1514
81 1515
81 1516
82 1517
81 1518
81 1519
82 1520
81 1521
82 1522
81 1523
80 1524
81 1525
81 1526
81 1527
81 1528
81 1529
82 1530
81 1531
81 1532
81 1533
81 1534
82 1535
81 1536
82 1537
82 1538
81 1539
81 1540
82 1541
81 1542
81 1543
82 1544
81 1545
82 1546
80 1547
81 1548
81 1549
81 1550
80 1551
81 1552
81 1553
82 1554
80 1555
81 1556
81 1557
81 1558
81 1559
82 1560
82 1561
82 1562
81 1563
81 1564
81 1565
81 1566
81 1567
82 1568
81 1569
81 1570
81 1571
82 1572
81 1573
82 1574
81 1575
81 1576
80 1577
82 1578
81 1579
82 1580
81 1581
81 1582
80 1583
82 1584
81 1585
81 1586
81 1587
82 1588
81 1589
81 1590
81 1591
81 1592
81 1593
82 1594
81 1595
81 1596
82 1597
81 1598
82 1599
82 1600
82 1601
81 1602
81 1603
82 1604
80 1605
82 1606
81 1607
81 1608
82 1609
82 1610
82 1611
81 1612
81 1613
82 1614
82 1615
81 1616
82 1617
81 1618
81 1619
81 1620
81 1621
82 1622
82 1623
82 1624
80 1625
81 1626
82 1627
81 1628
81 1629
82 1630
81 1631
82 1632
81 1633
81 1634
82 1635
81 1636
81 1637
81 1638
81 1639
81 1640
82 1641
81 1642
82 1643
82 1644
82 1645
81 1646
80 1647
81 1648
81 1649
81 1650
81 1651
82 1652
81 1653
81 1654
81 1655
81 1656
80 1657
81 1658
81 1659
81 1660
82 1661
81 1662
82 1663
81 1664
81 1665
80 1666
81 1667
81 1668
81 1669
81 1670
81 1671
81 1672
82 1673
81 1674
82 1675
81 1676
81 1677
81 1678
81 1679
80 1680
81 1681
81 1682
80 1683
82 1684
82 1685
82 1686
82 1687
81 1688
82 1689
81 1690
82 1691
82 1692
81 1693
81 1694
83 1695
81 1696
81 1697
82 1698
81 1699
81 1700
82 1701
81 1702
81 1703
82 1704
81 1705
81 1706
82 1707
81 1708
80 1709
81 1710
81 1711
81 1712
82 1713
81 1714
82 1715
81 1716
81 1717
82 1718
82 1719
81 1720
80 1721
82 1722
81 1723
83 1724
81 1725
81 1726
81 1727
82 1728
81 1729
81 1730
81 1731
80 1732
81 1733
81 1734
81 1735
82 1736
82 1737
82 1738
82 1739
81 1740
82 1741
81 1742
81 1743
81 1744
82 1745
81 1746
81 1747
81 1748
81 1749
81 1750
81 1751
81 1752
81 1753
81 1754
81 1755
81 1756
81 1757
82 1758
82 1759
81 1760
80 1761
81 1762
81 1763
80 1764
82 1765
80 1766
81 1767
81 1768
81 1769
82 1770
81 1771
81 1772
81 1773
81 1774
81 1775
81 1776
82 1777
82 1778
82 1779
82 1780
82 1781
82 1782
81 1783
81 1784
80 1785
81 1786
80 1787
81 1788
81 1789
82 1790
82 1791
81 1792
81 1793
81 1794
82 1795
82 1796
82 1797
81 1798
81 1799
82 1800
81 1801
82 1802
82 1803
82 1804
82 1805
81 1806
81 1807
81 1808
82 1809
82 1810
82 1811
83 1812
82 1813
82 1814
82 1815
82 1816
82 1817
80 1818
81 1819
81 1820
81 1821
82 1822
81 1823
81 1824
81 1825
81 1826
82 1827
81 1828
81 1829
81 1830
82 1831
81 1832
81 1833
81 1834
80 1835
